34.28305263157893
35.25599999999999
38.894368421052626
40.95347368421052
33.341526315789466
49.809157894736835
44.46726315789473
35.17799999999999
46.216736842105256
33.37484210526314
44.414526315789466
42.82199999999999
27.908368421052614
64.90105263157893
49.09831578947367
63.98636842105262
46.99942105263157
54.58515789473683
61.08536842105262
48.04578947368419
66.9798947368421
69.73042105263157
70.50694736842104
53.71705263157893
64.95315789473682
34.940526315789455
6.110842105263131