2.37824 40.99357894736841
2.4176 41.96747368421051
2.45888 45.90126315789473
2.49824 47.86199999999999
2.53856 39.95399999999999
2.5788800000000003 58.098631578947355
2.61824 51.96726315789472
2.65856 41.888210526315774
2.69888 54.01310526315788
2.7392000000000003 40.08536842105262
2.77856 51.71715789473683
2.81888 49.82889473684209
2.8592 33.92747368421051
2.9398400000000002 56.795684210526304
2.89952 73.78263157894736
2.9792000000000005 72.76957894736842
3.02048 54.79547368421051
3.0588800000000003 62.67757894736841
3.0992 69.86826315789472
3.13952 55.940526315789455
3.1798400000000004 75.86147368421051
3.21824 78.7106842105263
3.2604800000000003 79.78231578947367
3.3392 73.83536842105262
3.2988800000000005 61.80915789473683
3.3795200000000003 41.74973684210524
3.41984 9.762789473684194
