7.239999999999998
1.9599999999999973
7.219999999999999
7.1999999999999975
9.659999999999998
5.999999999999998
10.839999999999998
15.559999999999999
13.12
13.159999999999998
14.32
13.159999999999998
9.639999999999999
9.68
8.399999999999999
16.64
9.599999999999998
13.2
4.699999999999999
15.48
13.139999999999999
13.159999999999998
10.839999999999998
14.32
15.559999999999999
10.86
13.139999999999999
13.139999999999999
7.26
9.7
10.819999999999999
11.999999999999998
8.419999999999998
8.36
4.719999999999999
5.959999999999997
5.959999999999997
1.8999999999999986
1.9199999999999982
