2.641232816103564
0
2.6769552307095594
2.59500787341225
4.195883355049084
1.869504288571008
5.053497687910944
8.477805512782101
6.732520269972106
6.730516498166354
7.630140943369495
6.666326704802781
4.179645893864542
4.157328021683238
3.4139977773287526
9.263007678318854
4.1713544243235
6.734109468300806
8.43316976841949
1.0212178589428227
6.667777711972464
6.685811658224232
5.000777760745816
7.563187326825576
8.423081813811221
4.974521440532513
6.715591852992478
6.693757649867733
2.5839525806908625
4.164790344270177
5.004370730880268
5.783630676579271
3.3771698334506226
3.4151724021803993
1.028887468268291
1.768279264590781
1.8261813602190635
0
0