1.8610775516852982
11.910624838801652
3.728399419007161
8.916068253084859
12.557047253179874
5.258799733937877
8.014986357527818
12.430260496558859
7.12069176157577
1.589857059470333
6.225311197686906
9.976787435350985
9.860588866113758
8.0872032253248
6.09255161741352
5.976624540160486
11.49632807091372
6.849199777376597
5.297351595694167
11.03750661761714
17.44064506495448
10.584386495988738
14.777851683929072
16.650603390934904
44.60070316423911
48.90493708173269
74.64482061167146
69.99904977805532
32.20302170578417
36.948701589585596
33.73912335238305
22.462975280654874
20.357554943190337
18.694938031954635
22.33564554006547
19.125795810878728
17.131144202967448
47.843946407482356
23.19763258989782
36.120108053809744
33.46247302048411
30.252623291297354
34.9988461590672
22.617454219664197
27.578427246935576
31.672797860643215
20.832665915538882
31.65596535762286
38.059375296944395
32.08655164456273
29.98113130709821
20.252216053321064
4.445952733245605