2.373057129485644 3.9337016574585704
2.3939512569602335 15.906608082829507
2.413383633081652 6.462012690402645
2.433506231134018 12.43105523411792
2.453902751745529 16.842597990168443
2.4743393812829724 8.365063483086686
2.4941364174660063 11.605115935093806
2.5143465077011604 16.639085860123927
2.534276373140053 10.509592378300894
2.553773144109167 3.6901602769267186
2.573580263521978 9.522599730282337
2.5940967633818577 14.046484772025394
2.6140455818089934 13.72882063775188
2.6336563972789766 11.558602688476228
2.6541448968680363 9.203736273297324
2.6742139218295407 9.344238047592071
2.6939020188487923 15.74185409144306
2.7136073946449377 10.177951512966985
2.7346058679190173 8.204463392352196
2.753990301532371 14.978640100926711
2.774276179778246 22.155252969069537
2.7937530155780395 14.523130465045526
2.814518861793297 19.439665898116402
2.8341924225292683 21.65413494583902
2.8546036278246216 52.113142210814786
2.8748755366403724 56.893496324009234
2.8956563669016804 84.24765302127292
2.915603051402974 79.42323922216909
2.933868592013382 38.757106190455474
2.9545893072414886 43.66057336755557
2.9745790260562144 40.59052507939252
2.9935303548334993 27.881689650672158
3.0138809092471286 25.640532000300638
3.0342813222916956 23.732875103319273
3.0540489311371233 27.954600426328014
3.0741776907111413 24.30625215042504
3.0937677938837127 21.97598642711104
3.1145597332716872 55.6727889676774
3.1340162396172513 29.03867403314922
3.1540226669409392 42.99623265323879
3.1746729316698286 40.051289859485806
3.1944449507722394 36.7047751627732
3.214544877137531 41.74956859674309
3.23419549895972 28.47771349023364
3.254092042567627 37.95567929699395
3.2745884802960727 33.71610040457652
3.2940695785925573 26.257745682342232
3.3140203189964708 37.94513420629052
3.334802153202523 45.34021838430416
3.354498334708789 38.68788445643193
3.374351476914624 36.18549614999789
3.394246167151749 25.587906207856662
3.4134669294778766 7.516521760746755
